MC	american	call	0.05984972741239423	12.11	238.0	8	11.385219801035905	247.85	0.020213956210441326	0.0006800999399274588
QMC	american	call	0.01781127220127766	12.11	238.0	8	11.894305493642527	247.85	0.020213956210441326	0.001591100008226931
GAN-MC	american	call	0.04057557380740233	12.11	238.0	8	12.601370198807642	247.85	0.020213956210441326	0.0011824999237433076
GAN-LHS	american	call	0.05340103991739239	12.11	238.0	8	11.463313406600378	247.85	0.020213956210441326	0.0008871000027284026
MC	european	call	0.016936040837265118	11.06	238.01	8	11.247312611660153	247.85	0.014685087369287152	0.00012250000145286322
QMC	european	call	0.040874752493837326	11.06	238.01	8	10.60792523741816	247.85	0.014685087369287152	0.0010212999768555164
GAN-MC	european	call	0.057717955044070415	11.06	238.01	8	10.421639417212582	247.85	0.014685087369287152	0.00026679993607103825
GAN-LHS	european	call	0.024794493073787418	11.06	238.01	8	10.785772906603912	247.85	0.014685087369287152	0.0003567000385373831
MC	american	call	0.004226733769139829	10.3	240.0	8	10.343535357822141	247.85	0.018732683625778984	0.00011999998241662979
QMC	american	call	0.029604818482017854	10.3	240.0	8	9.995070369635217	247.85	0.018732683625778984	0.000940999947488308
GAN-MC	american	call	0.027470133591636404	10.3	240.0	8	10.582942375993856	247.85	0.018732683625778984	0.00027000007685273886
GAN-LHS	american	call	0.03930380867517651	10.3	240.0	8	9.895170770645683	247.85	0.018732683625778984	0.0004104999825358391
MC	american	call	0.06471534981370151	8.5	242.0	8	9.050080473416463	247.85	0.017104216602789865	0.0001338000874966383
QMC	american	call	0.018327584212198562	8.5	242.0	8	8.344215534196312	247.85	0.017104216602789865	0.0010098000057041645
GAN-MC	american	call	0.08859125527196528	8.5	242.0	8	7.746974330188295	247.85	0.017104216602789865	0.00028000003658235073
GAN-LHS	american	call	0.06879789358566381	8.5	242.0	8	7.915217904521858	247.85	0.017104216602789865	0.0003611999563872814
MC	american	call	0.02747838790502593	3.35	248.0	8	3.442052599481837	247.85	0.011489771000778217	0.00012720003724098206
QMC	american	call	0.048457533471375956	3.35	248.0	8	3.1876672628708906	247.85	0.011489771000778217	0.001181800034828484
GAN-MC	american	call	0.06284592687860271	3.35	248.0	8	3.139466144956681	247.85	0.011489771000778217	0.00039379997178912163
GAN-LHS	american	call	0.0848147602700076	3.35	248.0	8	3.0658705530954746	247.85	0.011489771000778217	0.0004795000422745943
MC	american	call	0.15117436687541197	2.0	250.0	8	1.697651266249176	247.85	0.009895251807443385	0.0001308000646531582
QMC	american	call	0.13062781108472366	2.0	250.0	8	1.7387443778305527	247.85	0.009895251807443385	0.0010364999761804938
GAN-MC	american	call	0.1734142902834569	2.0	250.0	8	1.6531714194330862	247.85	0.009895251807443385	0.0002858999650925398
GAN-LHS	american	call	0.16883319667802799	2.0	250.0	8	1.662333606643944	247.85	0.009895251807443385	0.00038680003490298986
MC	european	call	0.1340540504293027	1.2	250.01	8	1.3608648605151632	247.85	0.006930351761448615	0.00013400008901953697
QMC	european	call	0.21437037988064928	1.2	250.01	8	0.9427555441432208	247.85	0.006930351761448615	0.0013787000207230449
GAN-MC	european	call	0.05805505602025215	1.2	250.01	8	1.2696660672243025	247.85	0.006930351761448615	0.0003515999997034669
GAN-LHS	european	call	0.09371530626938093	1.2	250.01	8	1.0875416324767428	247.85	0.006930351761448615	0.000557800056412816
MC	american	call	0.18004791970320314	1.4	252.0	8	1.1479329124155155	247.85	0.010244732340132394	0.0001292999368160963
QMC	american	call	0.052044627840038826	1.4	252.0	8	1.3271375210239456	247.85	0.010244732340132394	0.001028000027872622
GAN-MC	american	call	0.10832083322713286	1.4	252.0	8	1.551649166517986	247.85	0.010244732340132394	0.0002775000175461173
GAN-LHS	american	call	0.38308388887313766	1.4	252.0	8	0.8636825555776072	247.85	0.010244732340132394	0.00035989994648844004
MC	american	call	0.5135784963194087	0.8	254.0	8	0.38913720294447307	247.85	0.00978593769571589	0.00014480005484074354
QMC	american	call	0.10944904232267058	0.8	254.0	8	0.7124407661418636	247.85	0.00978593769571589	0.0010103000095114112
GAN-MC	american	call	0.3866504369865212	0.8	254.0	8	0.4906796504107831	247.85	0.00978593769571589	0.00028389994986355305
GAN-LHS	american	call	0.26781072811769	0.8	254.0	8	0.585751417505848	247.85	0.00978593769571589	0.00037510006222873926
MC	american	put	0.3880777248577432	0.7	238.0	8	0.4283455925995797	247.85	0.013980884831052327	0.00016579998191446066
QMC	american	put	0.17771322431833486	0.7	238.0	8	0.5756007429771656	247.85	0.013980884831052327	0.0012571000261232257
GAN-MC	american	put	0.006710053657871251	0.7	238.0	8	0.6953029624394901	247.85	0.013980884831052327	0.0007776001002639532
GAN-LHS	american	put	0.3304408471175355	0.7	238.0	8	0.4686914070177251	247.85	0.013980884831052327	0.00040739995893090963
MC	american	put	0.21486122521063541	0.95	242.0	8	0.7458818360498963	247.85	0.011355740785567657	0.00013320008292794228
QMC	american	put	0.005105380830558185	0.95	242.0	8	0.9451498882109697	247.85	0.011355740785567657	0.001039499999023974
GAN-MC	american	put	0.06285583059216279	0.95	242.0	8	1.0097130390625546	247.85	0.011355740785567657	0.0002899999963119626
GAN-LHS	american	put	0.0003592911606318133	0.95	242.0	8	0.9496586733973997	247.85	0.011355740785567657	0.0003648999845609069
MC	american	put	0.18742464593409047	1.35	244.0	8	1.096976727988978	247.85	0.010875264192291869	0.0001550000160932541
QMC	american	put	0.014206339937030275	1.35	244.0	8	1.3308214410850092	247.85	0.010875264192291869	0.00133050000295043
GAN-MC	american	put	0.1957457484522508	1.35	244.0	8	1.0857432395894615	247.85	0.010875264192291869	0.00028979999478906393
GAN-LHS	american	put	0.013084825212716263	1.35	244.0	8	1.367664514037167	247.85	0.010875264192291869	0.0006367999594658613
MC	european	put	0.029130973336581257	2.5	248.01	8	2.427172566658547	247.85	0.00940789437078288	0.00019489997066557407
QMC	european	put	0.05727877164026705	2.5	248.01	8	2.3568030708993324	247.85	0.00940789437078288	0.0013018000172451138
GAN-MC	european	put	0.11135078254081972	2.5	248.01	8	2.2216230436479507	247.85	0.00940789437078288	0.00038350000977516174
GAN-LHS	european	put	0.16415497401553553	2.5	248.01	8	2.089612564961161	247.85	0.00940789437078288	0.00043489993549883366
MC	american	call	0.007807480192255157	4.2	250.0	7	4.1672085831925285	252.3	0.010012022637694603	0.00015330000314861536
QMC	american	call	0.07502028267487529	4.2	250.0	7	3.884914812765524	252.3	0.010012022637694603	0.0010318000568076968
GAN-MC	american	call	0.03000927536026913	4.2	250.0	7	4.07396104348687	252.3	0.010012022637694603	0.00025729998014867306
GAN-LHS	american	call	0.08342693545383555	4.2	250.0	7	3.849606871093891	252.3	0.010012022637694603	0.0003630999708548188
MC	american	call	0.14928524864555584	3.12	252.0	7	2.654230024225866	252.3	0.010411941712682574	0.0001653999788686633
QMC	american	call	0.06414541701028777	3.12	252.0	7	2.9198662989279023	252.3	0.010411941712682574	0.0010324000613763928
GAN-MC	american	call	0.08780875260735198	3.12	252.0	7	2.846036691865062	252.3	0.010411941712682574	0.0002440999960526824
GAN-LHS	american	call	0.10226670365118205	3.12	252.0	7	2.800927884608312	252.3	0.010411941712682574	0.00033710000570863485
MC	european	call	0.03840635599486493	2.6	252.01	7	2.5001434744133513	252.3	0.008465699803572407	0.00010539998766034842
QMC	european	call	0.11914670764776215	2.6	252.01	7	2.2902185601158185	252.3	0.008465699803572407	0.0008915000362321734
GAN-MC	european	call	0.09373552025788677	2.6	252.01	7	2.3562876473294945	252.3	0.008465699803572407	0.00027540000155568123
GAN-LHS	european	call	0.073933810488722	2.6	252.01	7	2.407772092729323	252.3	0.008465699803572407	0.0003239999059587717
MC	american	call	0.03993975460962987	2.16	254.0	7	2.0737301300431996	252.3	0.01037794154328405	0.00013029994443058968
QMC	american	call	0.10008862607009374	2.16	254.0	7	1.9438085676885977	252.3	0.01037794154328405	0.000991899985820055
GAN-MC	american	call	0.04008380003504728	2.16	254.0	7	2.2465810080757023	252.3	0.01037794154328405	0.00029520003590732813
GAN-LHS	american	call	0.11555687986666593	2.16	254.0	7	1.9103971394880017	252.3	0.01037794154328405	0.00037379993591457605
MC	american	call	0.07201988395276135	0.85	256.0	7	0.7887830986401528	252.3	0.007857879990436	0.00014650006778538227
QMC	american	call	0.06286915893811487	0.85	256.0	7	0.7965612149026023	252.3	0.007857879990436	0.0009950000094249845
GAN-MC	american	call	0.059983066747462385	0.85	256.0	7	0.799014393264657	252.3	0.007857879990436	0.0002593001117929816
GAN-LHS	american	call	0.1839809383993255	0.85	256.0	7	0.6936162023605733	252.3	0.007857879990436	0.00036090007051825523
MC	european	call	0.1563922588085631	0.39	256.01	7	0.3290070190646604	252.3	0.005604789644619755	0.0001097000204026699
QMC	european	call	0.2756477451006613	0.39	256.01	7	0.2824973794107421	252.3	0.005604789644619755	0.0010631999466568232
GAN-MC	european	call	0.32285334187125536	0.39	256.01	7	0.2640871966702104	252.3	0.005604789644619755	0.0002578999847173691
GAN-LHS	european	call	0.258168954622714	0.39	256.01	7	0.28931410769714155	252.3	0.005604789644619755	0.0006065000779926777
MC	european	put	0.1778982037257621	0.88	242.01	7	0.7234495807213294	252.3	0.016257980978417026	0.00011150003410875797
QMC	european	put	0.2073605516052554	0.88	242.01	7	0.6975227145873752	252.3	0.016257980978417026	0.0009450999787077308
GAN-MC	european	put	0.0013859035176120758	0.88	242.01	7	0.8812195950954986	252.3	0.016257980978417026	0.00025479996111243963
GAN-LHS	european	put	0.12638440394763958	0.88	242.01	7	0.7687817245260772	252.3	0.016257980978417026	0.00046010001096874475
MC	european	put	0.22174164878196925	1.29	244.01	7	1.0039532730712597	252.3	0.016436820645282024	0.00011060002725571394
QMC	european	put	0.16036526813498264	1.29	244.01	7	1.0831288041058724	252.3	0.016436820645282024	0.0009531999239698052
GAN-MC	european	put	0.2267230203511145	1.29	244.01	7	0.9975273037470623	252.3	0.016436820645282024	0.00024990004021674395
GAN-LHS	european	put	0.014965189939984271	1.29	244.01	7	1.2706949049774203	252.3	0.016436820645282024	0.00035939994268119335
MC	american	put	0.07409656079588069	1.73	246.0	7	1.6018129498231264	252.3	0.016209132011991926	0.00012139999307692051
QMC	american	put	0.07748573351267116	1.73	246.0	7	1.5959496810230789	252.3	0.016209132011991926	0.0009794000070542097
GAN-MC	american	put	0.13064335576480193	1.73	246.0	7	1.5039869945268927	252.3	0.016209132011991926	0.0002476000227034092
GAN-LHS	american	put	0.015846223634023788	1.73	246.0	7	1.7025860331131388	252.3	0.016209132011991926	0.00034179992508143187
MC	european	put	0.34642084506419585	0.59	246.01	7	0.7943882985878755	252.3	0.010277490108032195	0.00012880004942417145
QMC	european	put	0.21996878408862056	0.59	246.01	7	0.46021841738771385	252.3	0.010277490108032195	0.0010083999950438738
GAN-MC	european	put	0.1283777835057874	0.59	246.01	7	0.5142571077315854	252.3	0.010277490108032195	0.00024670001585036516
GAN-LHS	european	put	0.3113307072296912	0.59	246.01	7	0.4063148827344822	252.3	0.010277490108032195	0.0003192999865859747
MC	european	put	0.21366902472330102	0.7	248.01	7	0.5504316826936893	252.3	0.00880553900693804	0.00010960001964122057
QMC	european	put	0.18927706245206202	0.7	248.01	7	0.5675060562835565	252.3	0.00880553900693804	0.000937200034968555
GAN-MC	european	put	0.4006861111600428	0.7	248.01	7	0.41951972218797	252.3	0.00880553900693804	0.0002435001078993082
GAN-LHS	european	put	0.0816970301827824	0.7	248.01	7	0.6428120788720523	252.3	0.00880553900693804	0.0003507001092657447
MC	european	put	0.07877235217837851	1.7	250.01	7	1.5660870012967565	252.3	0.01070147851027386	0.00010549998842179775
QMC	european	put	0.10390731061524928	1.7	250.01	7	1.5233575719540762	252.3	0.01070147851027386	0.001427799928933382
GAN-MC	european	put	0.3310722262281507	1.7	250.01	7	1.1371772154121438	252.3	0.01070147851027386	0.0002516000531613827
GAN-LHS	european	put	4.593172388133628e-05	1.7	250.01	7	1.7000780839305982	252.3	0.01070147851027386	0.0005294999573379755
MC	european	put	0.09921142867407161	5.11	252.01	7	4.603029599475494	252.3	0.020443999732106238	0.00011010002344846725
QMC	european	put	0.07474852383180892	5.11	252.01	7	4.728035043219457	252.3	0.020443999732106238	0.0009757999796420336
GAN-MC	european	put	0.02257851554954608	5.11	252.01	7	4.99462378554182	252.3	0.020443999732106238	0.0002474000211805105
GAN-LHS	european	put	0.1881749548046919	5.11	252.01	7	4.148425980948025	252.3	0.020443999732106238	0.00037409993819892406
MC	american	call	0.06086693296248313	16.0	240.0	42	16.97387092739973	252.3	0.009984834040263364	0.0006077000871300697
QMC	american	call	0.02029884436492524	16.0	240.0	42	16.324781509838804	252.3	0.009984834040263364	0.003399999928660691
GAN-MC	american	call	0.014663977999632705	16.0	240.0	42	15.765376352005877	252.3	0.009984834040263364	0.0015133999986574054
GAN-LHS	american	call	0.014487358294402841	16.0	240.0	42	15.768202267289555	252.3	0.009984834040263364	0.0010377999860793352
MC	american	call	0.08633212705300557	9.7	248.0	42	8.862578367585845	252.3	0.009133539788845268	0.0005298999603837729
QMC	american	call	0.04755604044020963	9.7	248.0	42	9.238706407729966	252.3	0.009133539788845268	0.003298299969173968
GAN-MC	american	call	0.010488632955882185	9.7	248.0	42	9.801739739672056	252.3	0.009133539788845268	0.0013484000228345394
GAN-LHS	american	call	0.024616696028274477	9.7	248.0	42	9.461218048525737	252.3	0.009133539788845268	0.0010203999700024724
MC	american	call	0.08347407103850063	9.0	250.0	42	8.248733360653494	252.3	0.01003438220984018	0.000519900000654161
QMC	american	call	0.062479878131519034	9.0	250.0	42	9.562318903183671	252.3	0.01003438220984018	0.0032932000467553735
GAN-MC	american	call	0.0016709059623419226	9.0	250.0	42	9.015038153661077	252.3	0.01003438220984018	0.001384599949233234
GAN-LHS	american	call	0.010575793581778983	9.0	250.0	42	9.09518214223601	252.3	0.01003438220984018	0.0011338000185787678
MC	american	call	0.044691194856523425	6.25	254.0	42	5.970680032146729	252.3	0.009153620216191203	0.0004967000568285584
QMC	american	call	0.02762120575040285	6.25	254.0	42	6.077367464059982	252.3	0.009153620216191203	0.0031392999226227403
GAN-MC	american	call	0.12325261046582454	6.25	254.0	42	7.020328815411403	252.3	0.009153620216191203	0.0013618000084534287
GAN-LHS	american	call	0.027142754944860455	6.25	254.0	42	6.419642218405378	252.3	0.009153620216191203	0.0009862999431788921
MC	american	call	0.10235812576011541	4.25	258.0	42	4.6850220344804905	252.3	0.008821143758223581	0.0005388000281527638
QMC	american	call	0.03294924382824191	4.25	258.0	42	4.109965713729972	252.3	0.008821143758223581	0.0033991000382229686
GAN-MC	american	call	0.02273294685358832	4.25	258.0	42	4.34661502412775	252.3	0.008821143758223581	0.0013784999027848244
GAN-LHS	american	call	0.0786986497545155	4.25	258.0	42	3.915530738543309	252.3	0.008821143758223581	0.0010930000571534038
MC	american	call	0.02293051493225099	3.53	260.0	42	3.449055282289154	252.3	0.008844696350510656	0.0006482000462710857
QMC	american	call	0.13513863067547552	3.53	260.0	42	4.007039366284428	252.3	0.008844696350510656	0.0035828000400215387
GAN-MC	american	call	0.059587178991623295	3.53	260.0	42	3.3196572581595696	252.3	0.008844696350510656	0.0013405999634414911
GAN-LHS	american	call	0.06224068940564463	3.53	260.0	42	3.7497096336019253	252.3	0.008844696350510656	0.0011477000080049038
MC	american	call	0.1317613445843322	2.35	264.0	42	2.0403608402268194	252.3	0.008851309736243353	0.0005319000920280814
QMC	american	call	0.08726751839035744	2.35	264.0	42	2.14492133178266	252.3	0.008851309736243353	0.003450400079600513
GAN-MC	american	call	0.1480676086289925	2.35	264.0	42	2.6979588802781325	252.3	0.008851309736243353	0.0016679998952895403
GAN-LHS	american	call	0.09884068381049337	2.35	264.0	42	2.1177243930453407	252.3	0.008851309736243353	0.001065000076778233
MC	american	put	0.1617224443539268	2.0	240.0	42	1.6765551112921464	252.3	0.01099698103439071	0.0005118000553920865
QMC	american	put	0.04404674966783251	2.0	240.0	42	2.088093499335665	252.3	0.01099698103439071	0.0032969999592751265
GAN-MC	american	put	0.041404679511754416	2.0	240.0	42	2.082809359023509	252.3	0.01099698103439071	0.00134529999922961
GAN-LHS	american	put	0.029846280520637536	2.0	240.0	42	1.940307438958725	252.3	0.01099698103439071	0.0014736000448465347
MC	european	put	0.13346225820526278	6.3	250.01	42	5.459187773306844	252.3	0.012945652716312992	0.0006161999190226197
QMC	european	put	0.0039301816934368	6.3	250.01	42	6.275239855331348	252.3	0.012945652716312992	0.0032305000349879265
GAN-MC	european	put	0.04013047117414628	6.3	250.01	42	6.552821968397121	252.3	0.012945652716312992	0.0013249999610707164
GAN-LHS	european	put	0.025464070300101876	6.3	250.01	42	6.460423642890642	252.3	0.012945652716312992	0.0011891999747604132
MC	american	put	0.1083652100192562	5.65	252.0	42	5.037736563391203	252.3	0.010553859824107144	0.0005147999618202448
QMC	american	put	0.01176077310010864	5.65	252.0	42	5.716448368015614	252.3	0.010553859824107144	0.0031910999678075314
GAN-MC	american	put	0.03992135130825276	5.65	252.0	42	5.424444365108372	252.3	0.010553859824107144	0.0014787999680265784
GAN-LHS	american	put	0.05885661599845593	5.65	252.0	42	5.982539880391276	252.3	0.010553859824107144	0.0011237000580877066
MC	american	put	0.03411146638123075	10.0	260.0	42	10.341114663812307	252.3	0.010592339589604972	0.0005648999940603971
QMC	american	put	0.018919571131029045	10.0	260.0	42	10.18919571131029	252.3	0.010592339589604972	0.0035830000415444374
GAN-MC	american	put	0.16906170582663654	10.0	260.0	42	8.309382941733634	252.3	0.010592339589604972	0.0015203000511974096
GAN-LHS	american	put	0.04057972317066181	10.0	260.0	42	10.405797231706618	252.3	0.010592339589604972	0.0011851000599563122
MC	european	put	0.13044718918080064	9.3	260.01	42	8.086841140618555	252.3	0.009461955308051722	0.0010281000286340714
QMC	european	put	0.08741876507157187	9.3	260.01	42	8.487005484834382	252.3	0.009461955308051722	0.003434399957768619
GAN-MC	european	put	0.012590401796326358	9.3	260.01	42	9.182909263294166	252.3	0.009461955308051722	0.0013888999819755554
GAN-LHS	european	put	0.03689728644349436	9.3	260.01	42	8.956855236075503	252.3	0.009461955308051722	0.0011548000620678067
MC	european	put	0.023648478099133497	33.5	274.01	42	32.70777598367903	252.3	0.033408250313373244	0.0009734000777825713
QMC	european	put	0.04022856046459376	33.5	274.01	42	32.15234322443611	252.3	0.033408250313373244	0.005102600087411702
GAN-MC	european	put	0.09820288569604801	33.5	274.01	42	30.21020332918239	252.3	0.033408250313373244	0.0017614999087527394
GAN-LHS	european	put	0.025689587845813218	33.5	274.01	42	32.63939880716526	252.3	0.033408250313373244	0.0012713000178337097
MC	american	call	0.13650968058692317	15.5	248.0	36	17.61590004909731	260.55	0.009093655744608489	0.0004965999396517873
QMC	american	call	0.010243868806203212	15.5	248.0	36	15.65877996649615	260.55	0.009093655744608489	0.003738400060683489
GAN-MC	american	call	0.01920842719281432	15.5	248.0	36	15.202269378511378	260.55	0.009093655744608489	0.001689799944870174
GAN-LHS	american	call	0.019084053416508158	15.5	248.0	36	15.795802827955876	260.55	0.009093655744608489	0.0015932000242173672
MC	american	call	0.08763782814149618	13.5	250.0	36	14.683110679910198	260.55	0.008170194591865973	0.00046490004751831293
QMC	american	call	0.018029719497688192	13.5	250.0	36	13.74340121321879	260.55	0.008170194591865973	0.003881499986164272
GAN-MC	american	call	0.04296372959367408	13.5	250.0	36	12.9199896504854	260.55	0.008170194591865973	0.002113700029440224
GAN-LHS	american	call	0.00948300991768418	13.5	250.0	36	13.371979366111264	260.55	0.008170194591865973	0.0010087999980896711
MC	american	call	0.04126318337230966	11.8	252.0	36	11.313094436206747	260.55	0.007971524288720567	0.0007088000420480967
QMC	american	call	0.002486764054028106	11.8	252.0	36	11.829343815837532	260.55	0.007971524288720567	0.003260499914176762
GAN-MC	american	call	0.050953559269849846	11.8	252.0	36	12.401251999384229	260.55	0.007971524288720567	0.0015113999834284186
GAN-LHS	american	call	0.01927538619467875	11.8	252.0	36	11.572550442902791	260.55	0.007971524288720567	0.001608500024303794
MC	american	call	0.06085145508202418	9.02	256.0	36	9.568880124839858	260.55	0.008317830494810684	0.00047800003085285425
QMC	american	call	0.03742507767848326	9.02	256.0	36	8.68242579934008	260.55	0.008317830494810684	0.0031222000252455473
GAN-MC	american	call	0.04345905020132604	9.02	256.0	36	8.627999367184039	260.55	0.008317830494810684	0.0011982000432908535
GAN-LHS	american	call	0.06536619723886815	9.02	256.0	36	8.430396900905409	260.55	0.008317830494810684	0.0008981999708339572
MC	american	call	0.049529249247753676	7.75	258.0	36	8.133851681670091	260.55	0.008375034494136221	0.0006527999648824334
QMC	american	call	0.05138148311909155	7.75	258.0	36	7.3517935058270405	260.55	0.008375034494136221	0.003481400082819164
GAN-MC	american	call	0.028020839096033028	7.75	258.0	36	7.532838497005744	260.55	0.008375034494136221	0.0011896000942215323
GAN-LHS	american	call	0.058597724310669355	7.75	258.0	36	7.2958676365923125	260.55	0.008375034494136221	0.0010554000036790967
MC	american	call	0.04035435111037054	6.8	260.0	36	6.52559041244948	260.55	0.008761379093888957	0.0004618000239133835
QMC	american	call	0.053325248078976595	6.8	260.0	36	6.437388313062959	260.55	0.008761379093888957	0.003010899992659688
GAN-MC	american	call	0.011188707908035996	6.8	260.0	36	6.876083213774645	260.55	0.008761379093888957	0.0011993000516667962
GAN-LHS	american	call	0.07132294428483484	6.8	260.0	36	6.315003978863123	260.55	0.008761379093888957	0.0009395999368280172
MC	american	call	0.12270786676239204	2.9	262.0	36	3.255852813610937	260.55	0.004195746742861612	0.0006066999631002545
QMC	american	call	0.053016673378503056	2.9	262.0	36	3.0537483527976588	260.55	0.004195746742861612	0.0033937999978661537
GAN-MC	american	call	0.03867413468248853	2.9	262.0	36	3.0121549905792167	260.55	0.004195746742861612	0.001254800008609891
GAN-LHS	american	call	0.07396007269630679	2.9	262.0	36	2.68551578918071	260.55	0.004195746742861612	0.0011892999755218625
MC	american	call	0.0030014933919049773	2.3	264.0	36	2.2930965651986184	260.55	0.004734509445831087	0.0006272000027820468
QMC	american	call	0.06500418895725671	2.3	264.0	36	2.1504903653983094	260.55	0.004734509445831087	0.003109399927780032
GAN-MC	american	call	0.1644508978123449	2.3	264.0	36	2.678237064968393	260.55	0.004734509445831087	0.0016073000151664019
GAN-LHS	american	call	0.10470971866068365	2.3	264.0	36	2.540832352919572	260.55	0.004734509445831087	0.0009315999923273921
MC	american	call	0.2587841911058111	3.6	266.0	36	4.53162308798092	260.55	0.008170056664965257	0.0006258999928832054
QMC	american	call	0.03894627825485491	3.6	266.0	36	3.4597933982825224	260.55	0.008170056664965257	0.0033894999651238322
GAN-MC	american	call	0.047845130826818946	3.6	266.0	36	3.427757529023452	260.55	0.008170056664965257	0.0013692999491468072
GAN-LHS	american	call	0.022097970355928507	3.6	266.0	36	3.5204473067186575	260.55	0.008170056664965257	0.0009094000561162829
MC	american	call	0.18701561641894787	2.8	268.0	36	3.323643725973054	260.55	0.008010987385068185	0.00046529993414878845
QMC	american	call	0.06954967996241228	2.8	268.0	36	2.994739103894754	260.55	0.008010987385068185	0.002949099987745285
GAN-MC	american	call	0.00022755420829602614	2.8	268.0	36	2.799362848216771	260.55	0.008010987385068185	0.0011740000918507576
GAN-LHS	american	call	0.04955119774863832	2.8	268.0	36	2.6612566463038125	260.55	0.008010987385068185	0.0008944999426603317
MC	european	call	0.1638018464183977	1.43	268.01	36	1.1957633596216912	260.55	0.0055358293324964105	0.0004420999903231859
QMC	european	call	0.09395704902451327	1.43	268.01	36	1.295641419894946	260.55	0.0055358293324964105	0.0029642999870702624
GAN-MC	european	call	0.24774437088847923	1.43	268.01	36	1.0757255496294746	260.55	0.0055358293324964105	0.0011972000356763601
GAN-LHS	european	call	0.09764829557397818	1.43	268.01	36	1.2903629373292111	260.55	0.0055358293324964105	0.000905199907720089
MC	american	call	0.11139980774389373	2.15	270.0	36	1.9104904133506284	260.55	0.007904442560143228	0.00044109998270869255
QMC	american	call	0.03966642261313313	2.15	270.0	36	2.0647171913817637	260.55	0.007904442560143228	0.003029600018635392
GAN-MC	american	call	0.004199369173763112	2.15	270.0	36	2.140971356276409	260.55	0.007904442560143228	0.0012363999849185348
GAN-LHS	american	call	0.06839917051894653	2.15	270.0	36	2.297058216615735	260.55	0.007904442560143228	0.0009387999307364225
MC	european	call	0.0338861078908682	1.09	270.01	36	1.1269358576010464	260.55	0.005788423642120365	0.00043890008237212896
QMC	european	call	0.008684095008605657	1.09	270.01	36	1.0994656635593802	260.55	0.005788423642120365	0.003024799982085824
GAN-MC	european	call	0.02780039212132628	1.09	270.01	36	1.1203024274122457	260.55	0.005788423642120365	0.0012160999467596412
GAN-LHS	european	call	0.27020414176627433	1.09	270.01	36	0.795477485474761	260.55	0.005788423642120365	0.0008876000065356493
MC	american	call	0.4427757422290349	0.71	274.0	36	1.0243707769826147	260.55	0.006470689718554712	0.00044730002991855145
QMC	american	call	0.1341995227689522	0.71	274.0	36	0.6147183388340439	260.55	0.006470689718554712	0.0030719999922439456
GAN-MC	american	call	0.03865459114915774	0.71	274.0	36	0.682555240284098	260.55	0.006470689718554712	0.0011430999729782343
GAN-LHS	american	call	0.2600134882016734	0.71	274.0	36	0.5253904233768119	260.55	0.006470689718554712	0.000878899940289557
MC	american	put	0.16658310786306357	3.1	246.0	36	2.583592365624503	260.55	0.014972817818300153	0.00043619994539767504
QMC	american	put	0.16305759866932343	3.1	246.0	36	3.6054785558749027	260.55	0.014972817818300153	0.0028756000101566315
GAN-MC	american	put	0.16422915776199282	3.1	246.0	36	2.5908896109378223	260.55	0.014972817818300153	0.0011890999739989638
GAN-LHS	american	put	0.12370768982215896	3.1	246.0	36	3.483493838448693	260.55	0.014972817818300153	0.0009301999816671014
MC	american	put	0.04396658905664536	1.69	248.0	36	1.6156964644942693	260.55	0.01075714846477054	0.0004610000178217888
QMC	american	put	0.12075586475953355	1.69	248.0	36	1.4859225885563883	260.55	0.01075714846477054	0.003167300019413233
GAN-MC	american	put	0.29882944082247864	1.69	248.0	36	2.195021754989989	260.55	0.01075714846477054	0.0012148999376222491
GAN-LHS	american	put	0.2095438456669361	1.69	248.0	36	1.335870900822878	260.55	0.01075714846477054	0.0009308999869972467
MC	american	put	0.027887026896373106	2.6	252.0	36	2.52749373006943	260.55	0.010719551959641395	0.0004482000367715955
QMC	american	put	0.03228891363261449	2.6	252.0	36	2.5160488245552024	260.55	0.010719551959641395	0.0031275999499484897
GAN-MC	american	put	0.01331082530076146	2.6	252.0	36	2.5653918542180203	260.55	0.010719551959641395	0.0012025999603793025
GAN-LHS	american	put	0.13653477217884508	2.6	252.0	36	2.9549904076649973	260.55	0.010719551959641395	0.0009299999801442027
MC	european	put	0.037145152610563385	2.58	252.01	36	2.6758344937352536	260.55	0.01067398607770767	0.00043329992331564426
QMC	european	put	0.19555019322141998	2.58	252.01	36	2.0754805014887365	260.55	0.01067398607770767	0.003404300077818334
GAN-MC	european	put	0.10146307100571526	2.58	252.01	36	2.3182252768052547	260.55	0.01067398607770767	0.0012019999558106065
GAN-LHS	european	put	0.0424328493463995	2.58	252.01	36	2.689476751313711	260.55	0.01067398607770767	0.0008970999624580145
MC	american	put	0.022284326175900353	3.5	256.0	36	3.4220048583843488	260.55	0.010101070135038888	0.00044139998499304056
QMC	american	put	0.10052410548031572	3.5	256.0	36	3.851834369181105	260.55	0.010101070135038888	0.003188400063663721
GAN-MC	american	put	0.16169608482348594	3.5	256.0	36	2.934063703117799	260.55	0.010101070135038888	0.0013130001025274396
GAN-LHS	american	put	0.07021703198376425	3.5	256.0	36	3.745759611943175	260.55	0.010101070135038888	0.0010961000807583332
MC	european	put	0.012787531405676475	7.52	258.01	36	7.4238377638293125	260.55	0.015546822654801125	0.0004731999943032861
QMC	european	put	0.004564572182386151	7.52	258.01	36	7.485674417188456	260.55	0.015546822654801125	0.0031675000209361315
GAN-MC	european	put	0.019160637377375094	7.52	258.01	36	7.66408799307786	260.55	0.015546822654801125	0.0012416000245139003
GAN-LHS	european	put	0.04596650353685914	7.52	258.01	36	7.174331893402819	260.55	0.015546822654801125	0.0009684000397101045
MC	american	put	0.1917174448216513	5.5	260.0	36	4.445554053480918	260.55	0.01078570911683002	0.00045030005276203156
QMC	american	put	0.09520055771395923	5.5	260.0	36	4.976396932573224	260.55	0.01078570911683002	0.0032310999231413007
GAN-MC	american	put	0.17838377013598053	5.5	260.0	36	4.518889264252107	260.55	0.01078570911683002	0.0012243000091984868
GAN-LHS	american	put	0.019771433115949998	5.5	260.0	36	5.391257117862275	260.55	0.01078570911683002	0.0009785000002011657
MC	european	put	0.24051426165654838	10.0	260.01	36	7.594857383434516	260.55	0.018085281251545317	0.00044620002154260874
QMC	european	put	0.03283974304770432	10.0	260.01	36	10.328397430477043	260.55	0.018085281251545317	0.003084499971009791
GAN-MC	european	put	0.029501620371303085	10.0	260.01	36	10.29501620371303	260.55	0.018085281251545317	0.0012173999566584826
GAN-LHS	european	put	0.03575743802014895	10.0	260.01	36	9.64242561979851	260.55	0.018085281251545317	0.0009551000548526645
MC	european	put	0.08894147836981761	7.38	266.01	36	6.723611889630746	260.55	0.008759714172669124	0.0005815000040456653
QMC	european	put	0.0036367957744423327	7.38	266.01	36	7.3531604471846155	260.55	0.008759714172669124	0.0038551000179722905
GAN-MC	european	put	0.03873275946623005	7.38	266.01	36	7.665847764860778	260.55	0.008759714172669124	0.0025056001031771302
GAN-LHS	european	put	0.06123207992027574	7.38	266.01	36	7.831892749811635	260.55	0.008759714172669124	0.0013077000621706247
MC	european	put	0.09044890414318664	22.65	268.01	36	24.698667678843176	260.55	0.03151294615146337	0.00045080005656927824
QMC	european	put	0.03201030628660259	22.65	268.01	36	23.375033437391547	260.55	0.03151294615146337	0.0029731999384239316
GAN-MC	european	put	0.15643197418184568	22.65	268.01	36	19.106815784781194	260.55	0.03151294615146337	0.001327300094999373
GAN-LHS	european	put	0.022178499469384334	22.65	268.01	36	22.147656987018443	260.55	0.03151294615146337	0.0016483000945299864
MC	european	put	0.053702329523405666	16.08	270.01	36	16.94353345873636	260.55	0.019018501780579036	0.0004507999401539564
QMC	european	put	0.021804286256149746	16.08	270.01	36	16.430612922998886	260.55	0.019018501780579036	0.003228900022804737
GAN-MC	european	put	0.06530312426040974	16.08	270.01	36	17.130074238107387	260.55	0.019018501780579036	0.0012540000025182962
GAN-LHS	european	put	0.00421742387439109	16.08	270.01	36	16.01218382409979	260.55	0.019018501780579036	0.0009226000402122736
MC	american	call	0.015838165484663737	9.35	256.0	31	9.498086847281606	257.62	0.013339194297809264	0.0004295000107958913
QMC	american	call	0.05971550433887776	9.35	256.0	31	8.791660034431493	257.62	0.013339194297809264	0.0028291000053286552
GAN-MC	american	call	0.05525204018341852	9.35	256.0	31	9.866606575714963	257.62	0.013339194297809264	0.0010656999656930566
GAN-LHS	american	call	0.03769167952312593	9.35	256.0	31	8.997582796458772	257.62	0.013339194297809264	0.0009553000563755631
MC	european	call	0.04369148246189542	7.82	256.01	31	8.161667392852022	257.62	0.01060523217743011	0.00041500001680105925
QMC	european	call	0.032309784852697	7.82	256.01	31	7.56733748245191	257.62	0.01060523217743011	0.0036418000236153603
GAN-MC	european	call	0.033541935816413154	7.82	256.01	31	7.557702061915649	257.62	0.01060523217743011	0.0012416000245139003
GAN-LHS	european	call	0.01557353093558846	7.82	256.01	31	7.941785011916302	257.62	0.01060523217743011	0.0013663999270647764
MC	american	call	0.04554074979290866	6.99	258.0	31	6.671670158947569	257.62	0.011053815912747107	0.0004980000667273998
QMC	american	call	0.034579130556428674	6.99	258.0	31	7.231708122589437	257.62	0.011053815912747107	0.0029369000112637877
GAN-MC	american	call	0.003731772332885738	6.99	258.0	31	7.0160850886068715	257.62	0.011053815912747107	0.0011715999571606517
GAN-LHS	american	call	0.08824456353699282	6.99	258.0	31	7.60682949912358	257.62	0.011053815912747107	0.000853799981996417
MC	american	call	0.027730386068243604	5.3	260.0	31	5.446971046161691	257.62	0.009822317092213421	0.0004050999414175749
QMC	american	call	0.0029713989039006016	5.3	260.0	31	5.315748414190673	257.62	0.009822317092213421	0.0028871999820694327
GAN-MC	american	call	0.1420987240446443	5.3	260.0	31	4.546876762563385	257.62	0.009822317092213421	0.001054299995303154
GAN-LHS	american	call	0.04640436219285313	5.3	260.0	31	5.545943119622121	257.62	0.009822317092213421	0.0009466999908909202
MC	american	call	0.0044079454114910556	4.62	262.0	31	4.640364707801089	257.62	0.010174694352573784	0.00046309991739690304
QMC	american	call	0.025179814854856455	4.62	262.0	31	4.736330744629437	257.62	0.010174694352573784	0.002818400040268898
GAN-MC	american	call	0.14895226478628465	4.62	262.0	31	3.931840536687365	257.62	0.010174694352573784	0.001042200019583106
GAN-LHS	american	call	0.013941490136146243	4.62	262.0	31	4.5555903155710045	257.62	0.010174694352573784	0.0009336000075563788
MC	american	call	0.14681514038017637	3.0	266.0	31	2.559554578859471	257.62	0.009858008999169226	0.0004042000509798527
QMC	american	call	0.020275502921958715	3.0	266.0	31	2.939173491234124	257.62	0.009858008999169226	0.0026950000319629908
GAN-MC	american	call	0.05629332316513347	3.0	266.0	31	3.1688799694954004	257.62	0.009858008999169226	0.001162499887868762
GAN-LHS	american	call	0.027869843754773083	3.0	266.0	31	2.9163904687356808	257.62	0.009858008999169226	0.0009490000084042549
MC	european	call	0.030691916930070857	2.7	266.01	31	2.617131824288809	257.62	0.009283659793202403	0.00046500004827976227
QMC	european	call	0.004213314820608255	2.7	266.01	31	2.7113759500156425	257.62	0.009283659793202403	0.003010299988090992
GAN-MC	european	call	0.06445287586898912	2.7	266.01	31	2.874022764846271	257.62	0.009283659793202403	0.001424600020982325
GAN-LHS	european	call	0.05576803426312714	2.7	266.01	31	2.549426307489557	257.62	0.009283659793202403	0.0008301000343635678
MC	european	call	0.06722899866757892	1.8	270.01	31	1.921012197601642	257.62	0.009540075503240692	0.00039089994970709085
QMC	european	call	0.08025303319127713	1.8	270.01	31	1.6555445402557012	257.62	0.009540075503240692	0.003337400034070015
GAN-MC	european	call	0.1821126211473271	1.8	270.01	31	1.4721972819348113	257.62	0.009540075503240692	0.0010415998985990882
GAN-LHS	european	call	0.12714529389528784	1.8	270.01	31	2.028861529011518	257.62	0.009540075503240692	0.0014386000111699104
MC	american	call	0.22038884050755214	1.27	272.0	31	1.5498938274445913	257.62	0.009172377121661409	0.0012393000070005655
QMC	american	call	0.05246016480545565	1.27	272.0	31	1.2033755906970713	257.62	0.009172377121661409	0.002863000030629337
GAN-MC	american	call	0.22311787651652015	1.27	272.0	31	0.9866402968240194	257.62	0.009172377121661409	0.0012135000433772802
GAN-LHS	american	call	0.1557354958316513	1.27	272.0	31	1.0722159202938029	257.62	0.009172377121661409	0.0012122999178245664
MC	american	call	0.1186645745764891	0.95	274.0	31	0.8372686541523353	257.62	0.009112540225392847	0.0004311000229790807
QMC	american	call	0.05105644444914226	0.95	274.0	31	0.9985036222266851	257.62	0.009112540225392847	0.0027927999617531896
GAN-MC	american	call	0.15853710659430847	0.95	274.0	31	0.7993897487354069	257.62	0.009112540225392847	0.001096899970434606
GAN-LHS	american	call	0.09746368235349906	0.95	274.0	31	1.042590498235824	257.62	0.009112540225392847	0.0008806000696495175
MC	european	call	0.3701139510875984	0.73	276.01	31	0.45981681570605315	257.62	0.009175086984098978	0.00037780008278787136
QMC	european	call	0.16736071118802517	0.73	276.01	31	0.8521733191672584	257.62	0.009175086984098978	0.003193699987605214
GAN-MC	european	call	0.1882165978853214	0.73	276.01	31	0.5926018835437153	257.62	0.009175086984098978	0.0012780999531969428
GAN-LHS	european	call	0.3449337245508261	0.73	276.01	31	0.4781983810778969	257.62	0.009175086984098978	0.0008215999696403742
MC	european	put	0.024594553262569	1.13	242.01	31	1.1577918451867029	257.62	0.011473662931449833	0.00038839993067085743
QMC	european	put	0.09533486561418841	1.13	242.01	31	1.022271601855967	257.62	0.011473662931449833	0.0027277000481262803
GAN-MC	european	put	0.016278433536062363	1.13	242.01	31	1.1483946298957504	257.62	0.011473662931449833	0.0010023999493569136
GAN-LHS	european	put	0.12315797935852693	1.13	242.01	31	0.9908314833248645	257.62	0.011473662931449833	0.0008187000639736652
MC	european	put	0.0012195217322059954	7.0	262.01	31	6.991463347874558	257.62	0.009679948419416067	0.0005361000075936317
QMC	european	put	0.029895445193819117	7.0	262.01	31	7.209268116356734	257.62	0.009679948419416067	0.003028400009498
GAN-MC	european	put	0.00024240889488805602	7.0	262.01	31	7.001696862264216	257.62	0.009679948419416067	0.0010371999815106392
GAN-LHS	european	put	0.0034452667088616146	7.0	262.01	31	7.024116866962031	257.62	0.009679948419416067	0.0008187999483197927
MC	european	put	0.12305113475367721	7.96	264.01	31	6.980512967360729	257.62	0.009204851701881395	0.0004773000255227089
QMC	european	put	0.0003456746192917289	7.96	264.01	31	7.962751569969562	257.62	0.009204851701881395	0.0029642999870702624
GAN-MC	european	put	0.06719860022547047	7.96	264.01	31	7.425099142205255	257.62	0.009204851701881395	0.0010823000920936465
GAN-LHS	european	put	0.016221610861379698	7.96	264.01	31	8.089124022456582	257.62	0.009204851701881395	0.0008329000556841493
MC	american	call	0.10173986946708745	9.96	256.0	59	10.973329099892192	257.62	0.00933389829595518	0.000722800032235682
QMC	american	call	0.03322983450868664	9.96	256.0	59	9.629030848293482	257.62	0.00933389829595518	0.004288500058464706
GAN-MC	american	call	0.012101214008978692	9.96	256.0	59	9.839471908470573	257.62	0.00933389829595518	0.0019325000466778874
GAN-LHS	american	call	0.012579803449353924	9.96	256.0	59	10.085294842355566	257.62	0.00933389829595518	0.001285000005736947
MC	american	call	0.13584575127535592	14.08	250.0	59	15.992708177957011	257.62	0.009728845188858927	0.000790799967944622
QMC	american	call	0.03095984538148663	14.08	250.0	59	14.515914622971332	257.62	0.009728845188858927	0.004974500043317676
GAN-MC	american	call	0.08499305148049689	14.08	250.0	59	15.276702164845396	257.62	0.009728845188858927	0.002020500018261373
GAN-LHS	american	call	0.019202387885684034	14.08	250.0	59	13.809630378569569	257.62	0.009728845188858927	0.001905699959024787
MC	european	call	0.04541592379227638	3.36	270.01	59	3.5125975039420485	257.62	0.008664910874131508	0.0006923000328242779
QMC	european	call	0.03933593602700537	3.36	270.01	59	3.227831254949262	257.62	0.008664910874131508	0.005169000010937452
GAN-MC	european	call	0.1227444081627901	3.36	270.01	59	3.7724212114269746	257.62	0.008664910874131508	0.0018542999168857932
GAN-LHS	european	call	0.03976539121267979	3.36	270.01	59	3.493611714474604	257.62	0.008664910874131508	0.0018720000516623259
MC	european	call	0.16829742816224014	6.56	262.01	59	5.455968871255704	257.62	0.008980267428940921	0.0007695000385865569
QMC	european	call	0.044962982151210244	6.56	262.01	59	6.26504283708806	257.62	0.008980267428940921	0.004823800059966743
GAN-MC	european	call	0.020425698929939604	6.56	262.01	59	6.693992584980403	257.62	0.008980267428940921	0.0019278000108897686
GAN-LHS	european	call	0.09775454167321675	6.56	262.01	59	5.918730206623698	257.62	0.008980267428940921	0.0012854000087827444
MC	european	call	0.005895766927081939	12.63	252.01	59	12.704463536289046	257.62	0.00959575286619656	0.0007014999864622951
QMC	european	call	0.006965944657938107	12.63	252.01	59	12.542020118970242	257.62	0.00959575286619656	0.004286700044758618
GAN-MC	european	call	0.001954882102742235	12.63	252.01	59	12.605309839042366	257.62	0.00959575286619656	0.002026399946771562
GAN-LHS	european	call	0.10713535539079078	12.63	252.01	59	13.983119538585688	257.62	0.00959575286619656	0.0013653000351041555
MC	american	put	0.11041811617261732	1.98	242.0	59	2.1986278700217823	257.62	0.01067112551766937	0.0009138999739661813
QMC	american	put	0.04825259932220144	1.98	242.0	59	1.8844598533420411	257.62	0.01067112551766937	0.005062800017185509
GAN-MC	american	put	0.2631433034264196	1.98	242.0	59	2.501023740784311	257.62	0.01067112551766937	0.0024051000364124775
GAN-LHS	american	put	0.30376405915839455	1.98	242.0	59	1.3785471628663788	257.62	0.01067112551766937	0.001496699987910688
MC	european	put	0.2779795013538354	2.62	246.01	59	3.348306293547049	257.62	0.010280181665337425	0.0006698999786749482
QMC	european	put	0.2981416357020369	2.62	246.01	59	1.8388689144606634	257.62	0.010280181665337425	0.004689899971708655
GAN-MC	european	put	0.13026437566291463	2.62	246.01	59	2.9612926642368365	257.62	0.010280181665337425	0.0018170999828726053
GAN-LHS	european	put	0.07759675167073317	2.62	246.01	59	2.416696510622679	257.62	0.010280181665337425	0.0015447000041604042
MC	european	put	0.15993266119445856	4.64	254.01	59	5.382087547942287	257.62	0.009697915604956362	0.0007957000052556396
QMC	european	put	0.08928698782737385	4.64	254.01	59	5.054291623519014	257.62	0.009697915604956362	0.004395500058308244
GAN-MC	european	put	0.24169703113678542	4.64	254.01	59	3.5185257755253154	257.62	0.009697915604956362	0.001941800001077354
GAN-LHS	european	put	0.044843218611801426	4.64	254.01	59	4.848072534358758	257.62	0.009697915604956362	0.001278500072658062
MC	american	put	0.06590281228192103	5.45	256.0	59	5.0908296730635305	257.62	0.009744747539449669	0.0007100000511854887
QMC	american	put	0.03968890330780216	5.45	256.0	59	5.233695476972478	257.62	0.009744747539449669	0.004332799930125475
GAN-MC	american	put	0.0038634592819597976	5.45	256.0	59	5.428944146913319	257.62	0.009744747539449669	0.0019363000756129622
GAN-LHS	american	put	0.1139908713190889	5.45	256.0	59	6.071250248689035	257.62	0.009744747539449669	0.0013309000059962273
MC	european	put	0.07506213524760506	7.91	262.01	59	7.316258510191444	257.62	0.009278958693996276	0.0009619999909773469
QMC	european	put	0.030164524915605832	7.91	262.01	59	8.148601392082442	257.62	0.009278958693996276	0.004800700000487268
GAN-MC	european	put	0.0916306549925826	7.91	262.01	59	7.185201519008672	257.62	0.009278958693996276	0.0021343999542295933
GAN-LHS	european	put	0.018657937365003086	7.91	262.01	59	7.762415715442826	257.62	0.009278958693996276	0.0017506999429315329
MC	american	put	0.10581167506135487	10.42	266.0	59	9.317442345860682	257.62	0.009570986968851827	0.0006859999848529696
QMC	american	put	0.013668349539182811	10.42	266.0	59	10.277575797801715	257.62	0.009570986968851827	0.00484909990336746
GAN-MC	american	put	0.023155014022886944	10.42	266.0	59	10.178724753881518	257.62	0.009570986968851827	0.0018450000789016485
GAN-LHS	american	put	0.026126343855599952	10.42	266.0	59	10.692236502975351	257.62	0.009570986968851827	0.001402099966071546
MC	european	put	0.07922998112648595	15.62	274.0	59	14.382427694804289	257.62	0.0091625430397452	0.0006984999636188149
QMC	european	put	0.03080939029686531	15.62	274.0	59	16.101242676437035	257.62	0.0091625430397452	0.004793599946424365
GAN-MC	european	put	0.01071786532896244	15.62	274.0	59	15.452586943561606	257.62	0.0091625430397452	0.002140600001439452
GAN-LHS	european	put	0.014005792175713934	15.62	274.0	59	15.401229526215348	257.62	0.0091625430397452	0.0012863000156357884
