MC	american	call	0.12575259429145252	1.31	100.0	8	1.1452641014781972	100.69	0.0071398027080111235	0.00019339995924383402
QMC	american	call	0.010488718586102766	1.31	100.0	8	1.2962597786522054	100.69	0.0071398027080111235	0.0013419999741017818
GAN-MC	american	call	0.10590787645601725	1.31	100.0	8	1.4487393181573827	100.69	0.0071398027080111235	0.0003915999550372362
GAN-LHS	american	call	0.03622556137647608	1.31	100.0	8	1.2625445145968164	100.69	0.0071398027080111235	0.0005005000857636333
MC	european	call	0.0877370237096437	1.36	100.01	8	1.2406776477548846	100.69	0.007682161429442761	0.000129799940623343
QMC	european	call	0.055124462932604035	1.36	100.01	8	1.2850307304116586	100.69	0.007682161429442761	0.0011224000481888652
GAN-MC	european	call	0.09054613318343961	1.36	100.01	8	1.2368572588705222	100.69	0.007682161429442761	0.0002720999764278531
GAN-LHS	european	call	0.05237084818689844	1.36	100.01	8	1.2887756464658182	100.69	0.007682161429442761	0.00038400001358240843
MC	american	call	0.0048102020153679755	0.48	102.0	8	0.47769110303262335	100.69	0.008234864093171427	0.0001308999489992857
QMC	american	call	0.10267638144136604	0.48	102.0	8	0.4307153369081443	100.69	0.008234864093171427	0.0010602000402286649
GAN-MC	american	call	0.0660094867590297	0.48	102.0	8	0.4483154463556657	100.69	0.008234864093171427	0.0002839999506250024
GAN-LHS	american	call	0.16201993682235435	0.48	102.0	8	0.4022304303252699	100.69	0.008234864093171427	0.00038029998540878296
MC	european	call	0.31064083706514894	0.59	102.01	8	0.4067219061315621	100.69	0.009333052003557288	0.00011890009045600891
QMC	european	call	0.129338425025698	0.59	102.01	8	0.5136903292348382	100.69	0.009333052003557288	0.0009976999135687947
GAN-MC	european	call	0.15075825210641333	0.59	102.01	8	0.5010526312572161	100.69	0.009333052003557288	0.00027030007913708687
GAN-LHS	european	call	0.11083094324911365	0.59	102.01	8	0.5246097434830229	100.69	0.009333052003557288	0.0003698999062180519
MC	european	put	0.06375919404154218	0.25	98.01	8	0.23406020148961446	100.69	0.01032854050470233	0.00012059998698532581
QMC	european	put	0.22227725126918552	0.25	98.01	8	0.19443068718270362	100.69	0.01032854050470233	0.0009995000436902046
GAN-MC	european	put	0.15305962287656993	0.25	98.01	8	0.21173509428085752	100.69	0.01032854050470233	0.00027650000993162394
GAN-LHS	european	put	0.2711707560483988	0.25	98.01	8	0.1822073109879003	100.69	0.01032854050470233	0.00037620007060468197
MC	american	put	0.12147322098678393	0.5	99.0	8	0.560736610493392	100.69	0.010739288457914043	0.00012770004104822874
QMC	american	put	0.06452713051599657	0.5	99.0	8	0.4677364347420017	100.69	0.010739288457914043	0.0009978999150916934
GAN-MC	american	put	0.20149012900237462	0.5	99.0	8	0.3992549354988127	100.69	0.010739288457914043	0.0002734001027420163
GAN-LHS	american	put	0.18833645558216772	0.5	99.0	8	0.40583177220891614	100.69	0.010739288457914043	0.0003603000659495592
MC	american	put	0.13066141475154858	0.75	100.0	8	0.6520039389363386	100.69	0.009975806489578938	0.00012240000069141388
QMC	american	put	0.029633279515200044	0.75	100.0	8	0.7277750403636	100.69	0.009975806489578938	0.0009908999782055616
GAN-MC	american	put	0.10163747380311723	0.75	100.0	8	0.6737718946476621	100.69	0.009975806489578938	0.00028270005714148283
GAN-LHS	american	put	0.11946911001977112	0.75	100.0	8	0.6603981674851717	100.69	0.009975806489578938	0.0003747999435290694
MC	european	call	0.11825909159486114	3.4	99.01	7	2.997919088577472	102.11	0.010193401824101767	0.00013159995432943106
QMC	european	call	0.004256840240476933	3.4	99.01	7	3.4144732568176215	102.11	0.010193401824101767	0.0009913999820128083
GAN-MC	european	call	0.061729519117071203	3.4	99.01	7	3.190119635001958	102.11	0.010193401824101767	0.00023819995112717152
GAN-LHS	european	call	0.020556143317607394	3.4	99.01	7	3.3301091127201348	102.11	0.010193401824101767	0.00034470006357878447
MC	american	call	0.010566244018345041	2.33	100.0	7	2.354619348562744	102.11	0.006319719100265168	0.00012880004942417145
QMC	american	call	0.007257690576413171	2.33	100.0	7	2.3130895809569574	102.11	0.006319719100265168	0.0008979999693110585
GAN-MC	american	call	0.07467373943298482	2.33	100.0	7	2.1560101871211454	102.11	0.006319719100265168	0.00023729994427412748
GAN-LHS	american	call	0.007314572068385453	2.33	100.0	7	2.312957047080662	102.11	0.006319719100265168	0.00032380002085119486
MC	american	call	0.06466905013166713	1.0	102.0	7	0.9353309498683329	102.11	0.008014120779457215	0.0001495999749749899
QMC	american	call	0.10988389968351597	1.0	102.0	7	0.890116100316484	102.11	0.008014120779457215	0.0010683999862521887
GAN-MC	american	call	0.12171965686258002	1.0	102.0	7	0.87828034313742	102.11	0.008014120779457215	0.0002606000052765012
GAN-LHS	american	call	0.03992184581973701	1.0	102.0	7	0.960078154180263	102.11	0.008014120779457215	0.0003800999838858843
MC	european	call	0.03354071846477916	1.16	102.01	7	1.121092766580856	102.11	0.009559559508802024	0.00010789989028126001
QMC	european	call	0.08378311384376672	1.16	102.01	7	1.0628115879412305	102.11	0.009559559508802024	0.000916499993763864
GAN-MC	european	call	0.0964133823542249	1.16	102.01	7	1.048160476469099	102.11	0.009559559508802024	0.00023470004089176655
GAN-LHS	european	call	0.07812050177143869	1.16	102.01	7	1.069380217945131	102.11	0.009559559508802024	0.00032700004521757364
MC	american	call	0.16422534395862615	0.34	104.0	7	0.28416338305406713	102.11	0.008929092922538242	0.00010960001964122057
QMC	american	call	0.17411030158111615	0.34	104.0	7	0.28080249746242053	102.11	0.008929092922538242	0.0009266999550163746
GAN-MC	american	call	0.19615831081581134	0.34	104.0	7	0.27330617432262416	102.11	0.008929092922538242	0.00026840006466954947
GAN-LHS	american	call	0.2533528157718115	0.34	104.0	7	0.2538600426375841	102.11	0.008929092922538242	0.00036399997770786285
MC	american	put	0.10068019663953313	1.02	102.0	7	0.9173061994276762	102.11	0.010649802848152229	0.0001273000380024314
QMC	american	put	0.061434375048213696	1.02	102.0	7	0.957336937450822	102.11	0.010649802848152229	0.0011980999261140823
GAN-MC	american	put	0.17120638935106053	1.02	102.0	7	0.8453694828619183	102.11	0.010649802848152229	0.00025150005239993334
GAN-LHS	american	put	0.03687124331405864	1.02	102.0	7	0.9823913318196602	102.11	0.010649802848152229	0.00035230000503361225
MC	american	put	0.010752387204633488	2.25	104.0	7	2.2258071287895747	102.11	0.01091355048695563	0.0001385000068694353
QMC	american	put	0.020347171902772132	2.25	104.0	7	2.2042188632187627	102.11	0.01091355048695563	0.001024700002744794
GAN-MC	american	put	0.05428255696207805	2.25	104.0	7	2.1278642468353244	102.11	0.01091355048695563	0.00024239998310804367
GAN-LHS	american	put	0.017566716254346124	2.25	104.0	7	2.210474888427721	102.11	0.01091355048695563	0.00035009998828172684
MC	european	call	0.17616028104734316	15.15	86.01	42	17.81882825786725	102.11	0.015	0.0005098999245092273
QMC	european	call	0.12098928711518385	15.15	86.01	42	16.982987699795036	102.11	0.015	0.0031445000786334276
GAN-MC	european	call	0.12110437410304338	15.15	86.01	42	16.984731267661108	102.11	0.015	0.0012606000527739525
GAN-LHS	european	call	0.12028876274882394	15.15	86.01	42	16.972374755644683	102.11	0.015	0.0009075000416487455
MC	european	call	0.03330476628220035	7.8	95.01	42	7.540222822998837	102.11	0.004611948561767266	0.000507800024934113
QMC	european	call	0.020357006274801383	7.8	95.01	42	7.958784648943451	102.11	0.004611948561767266	0.00314990000333637
GAN-MC	european	call	0.03984493572017387	7.8	95.01	42	7.489209501382644	102.11	0.004611948561767266	0.001307200058363378
GAN-LHS	european	call	0.015438155122147931	7.8	95.01	42	7.920417609952754	102.11	0.004611948561767266	0.0009607000974938273
MC	american	call	0.004932208151907142	5.57	98.0	42	5.597472399406123	102.11	0.008754256209202796	0.0005098000401630998
QMC	american	call	0.05931090876844837	5.57	98.0	42	5.239638238159743	102.11	0.008754256209202796	0.0032777999294921756
GAN-MC	american	call	0.02940956490196212	5.57	98.0	42	5.406188723496071	102.11	0.008754256209202796	0.0013798000290989876
GAN-LHS	american	call	0.019371113723376143	5.57	98.0	42	5.677897103439205	102.11	0.008754256209202796	0.0009706999408081174
MC	european	call	0.07313800388011403	5.59	98.01	42	5.1811585583101625	102.11	0.008913140466616691	0.0004953999305143952
QMC	european	call	0.0018631219270966442	5.59	98.01	42	5.60041485157247	102.11	0.008913140466616691	0.0031967000104486942
GAN-MC	european	call	0.12289118162387441	5.59	98.01	42	4.903038294722542	102.11	0.008913140466616691	0.0012937999563291669
GAN-LHS	european	call	0.0019062530518648116	5.59	98.01	42	5.579344045440076	102.11	0.008913140466616691	0.0009171999990940094
MC	american	call	0.03444232592409778	4.33	99.0	42	4.180864728748657	102.11	0.006185201708896232	0.000534999999217689
QMC	american	call	0.011198189186790608	4.33	99.0	42	4.378488159178803	102.11	0.006185201708896232	0.0031223000260069966
GAN-MC	american	call	0.04547855949427432	4.33	99.0	42	4.526922162610208	102.11	0.006185201708896232	0.001365099917165935
GAN-LHS	american	call	0.010252067631022667	4.33	99.0	42	4.374391452842328	102.11	0.006185201708896232	0.0010007000528275967
MC	american	call	0.07231994777150665	2.9	102.0	42	3.109727848537369	102.11	0.008967632464760707	0.0005355000030249357
QMC	american	call	0.007121007654225194	2.9	102.0	42	2.879349077802747	102.11	0.008967632464760707	0.003217700053937733
GAN-MC	american	call	0.16268473595926067	2.9	102.0	42	3.371785734281856	102.11	0.008967632464760707	0.0014522999990731478
GAN-LHS	american	call	0.054172082440870524	2.9	102.0	42	3.0570990390785244	102.11	0.008967632464760707	0.0009700999362394214
MC	european	call	0.01744344940655901	2.44	102.01	42	2.397437983447996	102.11	0.007205305328941801	0.0005073000211268663
QMC	european	call	0.015851008274033067	2.44	102.01	42	2.4013235398113593	102.11	0.007205305328941801	0.003169700037688017
GAN-MC	european	call	0.11837435762645136	2.44	102.01	42	2.1511665673914586	102.11	0.007205305328941801	0.001348499907180667
GAN-LHS	european	call	0.035966848719635215	2.44	102.01	42	2.52775911087591	102.11	0.007205305328941801	0.0010203000856563449
MC	american	call	0.0259723400272078	1.4	104.0	42	1.4363612760380908	102.11	0.006943348729243307	0.0007600000826641917
QMC	american	call	0.006595068523848058	1.4	104.0	42	1.3907669040666126	102.11	0.006943348729243307	0.003352099913172424
GAN-MC	american	call	0.0640326558211124	1.4	104.0	42	1.4896457181495573	102.11	0.006943348729243307	0.0014204999897629023
GAN-LHS	american	call	0.028640304670975687	1.4	104.0	42	1.359903573460634	102.11	0.006943348729243307	0.0011204000329598784
MC	european	call	0.09887188944266598	0.88	104.01	42	0.7929927372904539	102.11	0.00493692242781063	0.0005035999929532409
QMC	european	call	0.02706751860606813	0.88	104.01	42	0.90381941637334	102.11	0.00493692242781063	0.003245700034312904
GAN-MC	european	call	0.08138631050010312	0.88	104.01	42	0.8083800467599093	102.11	0.00493692242781063	0.0013330999063327909
GAN-LHS	european	call	0.14043730613843994	0.88	104.01	42	0.7564151705981729	102.11	0.00493692242781063	0.0009557000594213605
MC	european	put	0.22484317803296644	0.35	95.01	42	0.42869511231153823	102.11	0.010244358466393797	0.0005055000074207783
QMC	european	put	0.015552724277073502	0.35	95.01	42	0.3554434534969757	102.11	0.010244358466393797	0.0035328000085428357
GAN-MC	european	put	0.3064250606419348	0.35	95.01	42	0.45724877122467716	102.11	0.010244358466393797	0.0014613999519497156
GAN-LHS	european	put	0.18635254604328658	0.35	95.01	42	0.2847766088848497	102.11	0.010244358466393797	0.0010039000771939754
MC	european	put	0.1137672519841731	1.18	96.01	42	1.0457546426586757	102.11	0.0143303678093442	0.0005019999807700515
QMC	european	put	0.05027002643630259	1.18	96.01	42	1.239318631194837	102.11	0.0143303678093442	0.0032090001041069627
GAN-MC	european	put	0.34767670248058846	1.18	96.01	42	0.7697414910729056	102.11	0.0143303678093442	0.001327300094999373
GAN-LHS	european	put	0.17077348143971585	1.18	96.01	42	0.9784872919011353	102.11	0.0143303678093442	0.0009812999051064253
MC	european	put	0.09454638472227497	1.09	97.01	42	0.9869444406527204	102.11	0.012628120313510467	0.0005004999693483114
QMC	european	put	0.06977388051813432	1.09	97.01	42	1.0139464702352337	102.11	0.012628120313510467	0.0031793999951332808
GAN-MC	european	put	0.14454088111043958	1.09	97.01	42	1.2475495604103792	102.11	0.012628120313510467	0.0013325000181794167
GAN-LHS	european	put	0.08127000754417298	1.09	97.01	42	1.0014156917768515	102.11	0.012628120313510467	0.0009890999644994736
MC	american	put	0.24901511544776259	0.65	98.0	42	0.8118598250410457	102.11	0.009114190524409075	0.0005046000005677342
QMC	american	put	0.13273016599147838	0.65	98.0	42	0.5637253921055391	102.11	0.009114190524409075	0.00319279998075217
GAN-MC	american	put	0.1839947370076455	0.65	98.0	42	0.7695965790549696	102.11	0.009114190524409075	0.0013061000499874353
GAN-LHS	american	put	0.09543744397021761	0.65	98.0	42	0.5879656614193586	102.11	0.009114190524409075	0.0009359999094158411
MC	american	put	0.10865671160725036	1.79	100.0	42	1.5955044862230219	102.11	0.011765265372977464	0.000492700026370585
QMC	american	put	0.07751890608296012	1.79	100.0	42	1.6512411581115014	102.11	0.011765265372977464	0.0032399999909102917
GAN-MC	american	put	0.1534109552261811	1.79	100.0	42	2.064605609854864	102.11	0.011765265372977464	0.0013077999465167522
GAN-LHS	american	put	0.08399359326395493	1.79	100.0	42	1.9403485319424794	102.11	0.011765265372977464	0.0009554000571370125
MC	european	put	0.015568197300703539	1.18	100.01	42	1.1616295271851698	102.11	0.009163089255453036	0.0005802999949082732
QMC	european	put	0.051028246272875395	1.18	100.01	42	1.240213330601993	102.11	0.009163089255453036	0.003684299997985363
GAN-MC	european	put	0.03442806784939136	1.18	100.01	42	1.1393748799377181	102.11	0.009163089255453036	0.001397100044414401
GAN-LHS	european	put	0.05251905482398756	1.18	100.01	42	1.2419724846923053	102.11	0.009163089255453036	0.0011584999738261104
MC	european	put	0.08817700439270329	2.55	102.01	42	2.3251486387986064	102.11	0.011529576277499409	0.0005829998990520835
QMC	european	put	0.06815800769499292	2.55	102.01	42	2.7238029196222318	102.11	0.011529576277499409	0.0032561999978497624
GAN-MC	european	put	0.07882287368741236	2.55	102.01	42	2.3490016720970983	102.11	0.011529576277499409	0.0013575999764725566
GAN-LHS	european	put	0.19473279016279202	2.55	102.01	42	2.05343138508488	102.11	0.011529576277499409	0.0009671000298112631
MC	european	put	0.10844873097382571	4.43	104.01	42	4.910427878214048	102.11	0.014800928426925423	0.000484999967738986
QMC	european	put	0.02809710310498291	4.43	104.01	42	4.305529833244925	102.11	0.014800928426925423	0.003158999956212938
GAN-MC	european	put	0.029026772769439706	4.43	104.01	42	4.301411396631382	102.11	0.014800928426925423	0.0013157000066712499
GAN-LHS	european	put	0.008113515010148209	4.43	104.01	42	4.394057128505043	102.11	0.014800928426925423	0.0009481000015512109
MC	european	put	0.02894222668610563	16.7	120.01	42	17.183335185657963	102.11	0.007680947693622917	0.0005041999975219369
QMC	european	put	0.010345099789776336	16.7	120.01	42	16.872763166489264	102.11	0.007680947693622917	0.003156999940983951
GAN-MC	european	put	0.04682207932766454	16.7	120.01	42	17.481928724771997	102.11	0.007680947693622917	0.0012876000255346298
GAN-LHS	european	put	0.009841157944582072	16.7	120.01	42	16.86434733767452	102.11	0.007680947693622917	0.0009351000189781189
MC	european	call	0.035988898658819844	7.08	96.01	36	7.334801402504445	102.15	0.008579105704437873	0.0004795000422745943
QMC	european	call	0.01725718660985277	7.08	96.01	36	6.9578191188022425	102.15	0.008579105704437873	0.0029824000084772706
GAN-MC	european	call	0.04744363108610678	7.08	96.01	36	6.744099091910364	102.15	0.008579105704437873	0.0011590000940486789
GAN-LHS	european	call	0.007308259509873384	7.08	96.01	36	7.0282575226700965	102.15	0.008579105704437873	0.000878899940289557
MC	european	call	0.029252146932411724	6.19	97.01	36	6.371070789511629	102.15	0.00851804022432175	0.000434999936260283
QMC	european	call	0.024852974963273152	6.19	97.01	36	6.343839915022661	102.15	0.00851804022432175	0.0028994999593123794
GAN-MC	european	call	0.008704143224563962	6.19	97.01	36	6.243878646560051	102.15	0.00851804022432175	0.0011579000856727362
GAN-LHS	european	call	0.003646867385230752	6.19	97.01	36	6.167425890885422	102.15	0.00851804022432175	0.000866199960000813
MC	european	call	0.08872578979508411	5.59	98.01	36	6.08597716495452	102.15	0.010021638181585676	0.00044769991654902697
QMC	european	call	0.025859587889729634	5.59	98.01	36	5.445444903696411	102.15	0.010021638181585676	0.002902099979110062
GAN-MC	european	call	0.06750811579410346	5.59	98.01	36	5.967370367289038	102.15	0.010021638181585676	0.0011431000893935561
GAN-LHS	european	call	0.04046337846536247	5.59	98.01	36	5.363809714378624	102.15	0.010021638181585676	0.0008640000596642494
MC	american	call	0.010596674972533174	3.48	100.0	36	3.4431235710955845	102.15	0.006736433133135053	0.00044029997661709785
QMC	american	call	0.004664998327979999	3.48	100.0	36	3.4962341941813704	102.15	0.006736433133135053	0.0029845000244677067
GAN-MC	american	call	0.0516689061489967	3.48	100.0	36	3.6598077933985085	102.15	0.006736433133135053	0.0011458001099526882
GAN-LHS	american	call	0.0017111488415832731	3.48	100.0	36	3.47404520203129	102.15	0.006736433133135053	0.0008819000795483589
MC	american	call	0.07533063192582998	2.66	102.0	36	2.860379480922708	102.15	0.008888878539821664	0.00043070001993328333
QMC	american	call	0.09658798902612677	2.66	102.0	36	2.9169240508094973	102.15	0.008888878539821664	0.0028279999969527125
GAN-MC	american	call	0.18178417249526496	2.66	102.0	36	3.143545898837405	102.15	0.008888878539821664	0.0011150999926030636
GAN-LHS	american	call	0.056265780328279974	2.66	102.0	36	2.5103330243267754	102.15	0.008888878539821664	0.0008511999621987343
MC	european	call	0.018775204799933005	2.24	102.01	36	2.1979435412481503	102.15	0.007154971959356206	0.0004217000678181648
QMC	european	call	0.06235252499233932	2.24	102.01	36	2.10033034401716	102.15	0.007154971959356206	0.002831700025126338
GAN-MC	european	call	0.20096782121159615	2.24	102.01	36	1.7898320804860248	102.15	0.007154971959356206	0.0011391000589355826
GAN-LHS	european	call	0.0175685632439772	2.24	102.01	36	2.279353581666509	102.15	0.007154971959356206	0.0008842999814078212
MC	american	call	0.010319377675540092	1.35	104.0	36	1.3639311598619792	102.15	0.007443381590489072	0.0005130999488756061
QMC	american	call	0.026228733112862425	1.35	104.0	36	1.3854087897023644	102.15	0.007443381590489072	0.002852099947631359
GAN-MC	american	call	0.06210246820008603	1.35	104.0	36	1.266161667929884	102.15	0.007443381590489072	0.0011724000796675682
GAN-LHS	american	call	0.13417425173644287	1.35	104.0	36	1.1688647601558022	102.15	0.007443381590489072	0.0008701999904587865
MC	european	call	0.05966687421992361	0.88	104.01	36	0.8274931506864672	102.15	0.005476885583218088	0.0004208000609651208
QMC	european	call	0.04247213867730811	0.88	104.01	36	0.8426245179639689	102.15	0.005476885583218088	0.0028298000106588006
GAN-MC	european	call	0.05636492823116419	0.88	104.01	36	0.9296011368434245	102.15	0.005476885583218088	0.0011133000953122973
GAN-LHS	european	call	0.10465895641000249	0.88	104.01	36	0.7879001183591978	102.15	0.005476885583218088	0.0008496000664308667
MC	american	call	0.23371439710032335	0.66	106.0	36	0.8142515020862134	102.15	0.007185172780833059	0.00043189991265535355
QMC	american	call	0.2927088029338025	0.66	106.0	36	0.46681219006369035	102.15	0.007185172780833059	0.0032158000394701958
GAN-MC	american	call	0.25456397563663763	0.66	106.0	36	0.4919877760798192	102.15	0.007185172780833059	0.0011972000356763601
GAN-LHS	american	call	0.10818382050919668	0.66	106.0	36	0.5885986784639302	102.15	0.007185172780833059	0.0009014999959617853
MC	european	call	0.1626313642166438	1.05	106.01	36	0.8792370675725241	102.15	0.009085330393002366	0.0004362999461591244
QMC	european	call	0.03657881017778435	1.05	106.01	36	1.0115922493133265	102.15	0.009085330393002366	0.002853000070899725
GAN-MC	european	call	0.13736339168217132	1.05	106.01	36	1.19423156126628	102.15	0.009085330393002366	0.0011609001085162163
GAN-LHS	european	call	0.05841306167955788	1.05	106.01	36	1.1113337147635358	102.15	0.009085330393002366	0.0008752000285312533
MC	american	call	0.027853539040836425	0.31	108.0	36	0.3013654028973407	102.15	0.0072534346129600686	0.0004366999492049217
QMC	american	call	0.2785889689271384	0.31	108.0	36	0.3963625803674129	102.15	0.0072534346129600686	0.0028546000830829144
GAN-MC	american	call	0.19406529678316337	0.31	108.0	36	0.24983975799721936	102.15	0.0072534346129600686	0.0011322000063955784
GAN-LHS	american	call	0.31715182765828737	0.31	108.0	36	0.21168293342593092	102.15	0.0072534346129600686	0.0008736999006941915
MC	american	put	0.009284986028202736	0.61	98.0	36	0.6043361585227963	102.15	0.00949459219177981	0.0004521000664681196
QMC	american	put	0.001962166239696487	0.61	98.0	36	0.6111969214062148	102.15	0.00949459219177981	0.0028309000190347433
GAN-MC	american	put	0.21677211181952327	0.61	98.0	36	0.7422309882099092	102.15	0.00949459219177981	0.0011399000650271773
GAN-LHS	american	put	0.12044550730213617	0.61	98.0	36	0.5365282405456969	102.15	0.00949459219177981	0.0009319999953731894
MC	american	put	0.150310889373236	0.76	99.0	36	0.6457637240763406	102.15	0.009088612051935284	0.0004295000107958913
QMC	american	put	0.11815729732979238	0.76	99.0	36	0.8497995459706422	102.15	0.009088612051935284	0.002862099907360971
GAN-MC	american	put	0.0075088116027970326	0.76	99.0	36	0.7657066968181258	102.15	0.009088612051935284	0.0011339000193402171
GAN-LHS	american	put	0.14857366498673316	0.76	99.0	36	0.6470840146100828	102.15	0.009088612051935284	0.0008799999486654997
MC	european	put	0.11979154640553603	1.72	99.01	36	1.513958540182478	102.15	0.013806335786000802	0.00041909993160516024
QMC	european	put	0.0884139859238317	1.72	99.01	36	1.8720720557889905	102.15	0.013806335786000802	0.002830800018273294
GAN-MC	european	put	0.1840551178931703	1.72	99.01	36	1.403425197223747	102.15	0.013806335786000802	0.0011411999585106969
GAN-LHS	european	put	0.019877890916015696	1.72	99.01	36	1.754189972375547	102.15	0.013806335786000802	0.00088900001719594
MC	american	put	0.04674156083483886	1.15	100.0	36	1.2037527949600646	102.15	0.00963669403787572	0.0004314999096095562
QMC	american	put	0.08379459905121157	1.15	100.0	36	1.2463637889088932	102.15	0.00963669403787572	0.0029341999907046556
GAN-MC	american	put	0.0025985299851950866	1.15	100.0	36	1.1529883094829743	102.15	0.00963669403787572	0.0011485000140964985
GAN-LHS	american	put	0.035414666429225514	1.15	100.0	36	1.1092731336063906	102.15	0.00963669403787572	0.0008812000742182136
MC	european	put	0.14342930998751	1.16	100.01	36	0.9936220004144883	102.15	0.009668811682679064	0.0004197000525891781
QMC	european	put	0.10223674663803914	1.16	100.01	36	1.0414053738998745	102.15	0.009668811682679064	0.0029230999061837792
GAN-MC	european	put	0.15268674091912843	1.16	100.01	36	0.982883380533811	102.15	0.009668811682679064	0.0011599999852478504
GAN-LHS	european	put	0.044349799110288524	1.16	100.01	36	1.1085542330320652	102.15	0.009668811682679064	0.0009045000188052654
MC	american	put	0.08028907661150118	1.27	102.0	36	1.1680328727033935	102.15	0.006962775549412093	0.0004290000069886446
QMC	american	put	0.0003743563300866203	1.27	102.0	36	1.26952456746079	102.15	0.006962775549412093	0.0028614000184461474
GAN-MC	american	put	0.10361590225772499	1.27	102.0	36	1.1384078041326893	102.15	0.006962775549412093	0.001125600072555244
GAN-LHS	american	put	0.0692404441779219	1.27	102.0	36	1.1820646358940392	102.15	0.006962775549412093	0.0008633999386802316
MC	european	put	0.10141767301672341	1.2	102.01	36	1.0782987923799319	102.15	0.0066503772341774585	0.0004205000586807728
QMC	european	put	0.04326997470693095	1.2	102.01	36	1.1480760303516828	102.15	0.0066503772341774585	0.003082999959588051
GAN-MC	european	put	0.11341273946073224	1.2	102.01	36	1.0639047126471213	102.15	0.0066503772341774585	0.001151000033132732
GAN-LHS	european	put	0.0226785623995938	1.2	102.01	36	1.2272142748795125	102.15	0.0066503772341774585	0.0009102999465540051
MC	european	put	0.19697054215560028	4.43	104.01	36	3.5574204982506905	102.15	0.015769495478867704	0.00047120009548962116
QMC	european	put	0.09676846546437086	4.43	104.01	36	4.001315697992837	102.15	0.015769495478867704	0.0028325000312179327
GAN-MC	european	put	0.06710957026542078	4.43	104.01	36	4.132704603724186	102.15	0.015769495478867704	0.0011017000069841743
GAN-LHS	european	put	0.0694072721583057	4.43	104.01	36	4.1225257843387055	102.15	0.015769495478867704	0.0008258000016212463
MC	european	put	0.011354529802165744	4.8	106.01	36	4.745498256949604	102.15	0.012232503055792182	0.0004195000510662794
QMC	european	put	0.030515351547778884	4.8	106.01	36	4.653526312570661	102.15	0.012232503055792182	0.002967400010675192
GAN-MC	european	put	0.026676432093613405	4.8	106.01	36	4.928046874049344	102.15	0.012232503055792182	0.0011350000277161598
GAN-LHS	european	put	0.019680891368732783	4.8	106.01	36	4.7055317214300825	102.15	0.012232503055792182	0.0008843999821692705
MC	european	put	0.027631528943470172	13.23	116.01	36	12.86443487207789	102.15	0.01333294377141966	0.00043510005343705416
QMC	european	put	0.010285103752165698	13.23	116.01	36	13.093928077358848	102.15	0.01333294377141966	0.0028995999600738287
GAN-MC	european	put	0.009919336267129878	13.23	116.01	36	13.361232818814129	102.15	0.01333294377141966	0.0011822000378742814
GAN-LHS	european	put	0.0038177292981877056	13.23	116.01	36	13.280508558615024	102.15	0.01333294377141966	0.0008940999396145344
MC	european	put	0.05339753512523156	17.2	120.01	36	16.281562395846016	102.15	0.01614491200352513	0.00043290003668516874
QMC	european	put	0.022571336204331573	17.2	120.01	36	16.811773017285496	102.15	0.01614491200352513	0.0035165000008419156
GAN-MC	european	put	0.07325646369454818	17.2	120.01	36	18.460011175546228	102.15	0.01614491200352513	0.0011656000278890133
GAN-LHS	european	put	0.004551397092696428	17.2	120.01	36	17.278284029994378	102.15	0.01614491200352513	0.0008701999904587865
MC	european	call	0.034353688806791044	9.8	94.01	31	10.136666150306553	103.17	0.008079397763221901	0.0003909999504685402
QMC	european	call	0.005101003583377277	9.8	94.01	31	9.750010164882903	103.17	0.008079397763221901	0.0025683999992907047
GAN-MC	european	call	0.011050691583335746	9.8	94.01	31	9.69170322248331	103.17	0.008079397763221901	0.0009960000170394778
GAN-LHS	european	call	0.00495713360550751	9.8	94.01	31	9.751420090666027	103.17	0.008079397763221901	0.0007730999495834112
MC	european	call	0.06168217529890116	2.8	102.01	31	2.6272899091630766	103.17	0.007626328450488648	0.000407799961976707
QMC	european	call	0.015750074857233835	2.8	102.01	31	2.8441002096002546	103.17	0.007626328450488648	0.002603699918836355
GAN-MC	european	call	0.016239854753356306	2.8	102.01	31	2.754528406690602	103.17	0.007626328450488648	0.000963800004683435
GAN-LHS	european	call	0.037219210763808394	2.8	102.01	31	2.6957862098613363	103.17	0.007626328450488648	0.000746200093999505
MC	european	call	0.07456314958559275	1.52	104.01	31	1.406664012629899	103.17	0.006960425379870956	0.000367300002835691
QMC	european	call	0.023658864720531667	1.52	104.01	31	1.4840385256247919	103.17	0.006960425379870956	0.0027071000076830387
GAN-MC	european	call	0.17369126620919892	1.52	104.01	31	1.7840107246379824	103.17	0.006960425379870956	0.001000800053589046
GAN-LHS	european	call	0.08538214535933225	1.52	104.01	31	1.390219139053815	103.17	0.006960425379870956	0.0007905999664217234
MC	american	call	0.004320874860478305	0.82	106.0	31	0.8235431173855922	103.17	0.007232598687913597	0.0003961999900639057
QMC	american	call	0.09567839507412408	0.82	106.0	31	0.7415437160392182	103.17	0.007232598687913597	0.002561699948273599
GAN-MC	american	call	0.01486011301901719	0.82	106.0	31	0.832185292675594	103.17	0.007232598687913597	0.0011391000589355826
GAN-LHS	american	call	0.1568882951864688	0.82	106.0	31	0.6913515979470956	103.17	0.007232598687913597	0.000875400030054152
MC	european	call	0.24403931980803897	0.82	106.01	31	0.619887757757408	103.17	0.007247180067348675	0.0003725000424310565
QMC	european	call	0.1255272093318071	0.82	106.01	31	0.7170676883479181	103.17	0.007247180067348675	0.002633199910633266
GAN-MC	european	call	0.11977199615212986	0.82	106.01	31	0.9182130368447464	103.17	0.007247180067348675	0.0009788000024855137
GAN-LHS	european	call	0.007575682197579231	0.82	106.01	31	0.8262120594020149	103.17	0.007247180067348675	0.000798200024291873
MC	american	call	0.00926241998194784	0.37	108.0	31	0.3665729046066793	103.17	0.007218527121887943	0.00038219999987632036
QMC	american	call	0.26687927762200875	0.37	108.0	31	0.27125466727985675	103.17	0.007218527121887943	0.0025015000719577074
GAN-MC	american	call	0.15955845913105407	0.37	108.0	31	0.42903662987849	103.17	0.007218527121887943	0.000992199988104403
GAN-LHS	american	call	0.06905838256874432	0.37	108.0	31	0.3955516015504354	103.17	0.007218527121887943	0.0008086999878287315
MC	american	call	0.21062316611519782	0.25	112.0	31	0.30265579152879946	103.17	0.010097902209118229	0.00039770000148564577
QMC	american	call	0.6082852420586131	0.25	112.0	31	0.09792868948534673	103.17	0.010097902209118229	0.0025425999192520976
GAN-MC	american	call	0.13093380550501066	0.25	112.0	31	0.28273345137625266	103.17	0.010097902209118229	0.0010512000881135464
GAN-LHS	american	call	0.2874375509516841	0.25	112.0	31	0.17814061226207897	103.17	0.010097902209118229	0.0008493999484926462
MC	european	call	0.052455768693440374	13.12	116.01	31	13.808219685257937	103.17	0.07707604066646825	0.00040819996502250433
QMC	european	call	0.052614184906370313	13.12	116.01	31	12.42970189402842	103.17	0.07707604066646825	0.0025893000420182943
GAN-MC	european	call	0.25740354240530977	13.12	116.01	31	9.742865523642335	103.17	0.07707604066646825	0.000970599940046668
GAN-LHS	european	call	0.0939377474878248	13.12	116.01	31	11.887536752959738	103.17	0.07707604066646825	0.0007793999975547194
MC	european	call	0.0687170854928103	16.5	120.01	31	15.36616808936863	103.17	0.0971473341794495	0.0003797999816015363
QMC	european	call	0.0876608501796521	16.5	120.01	31	17.94640402796426	103.17	0.0971473341794495	0.0025892999256029725
GAN-MC	european	call	0.3242412359800534	16.5	120.01	31	11.150019606329119	103.17	0.0971473341794495	0.0009673000313341618
GAN-LHS	european	call	0.06540134040742242	16.5	120.01	31	17.57912211672247	103.17	0.0971473341794495	0.0007480999920517206
MC	american	call	0.007750449860390186	13.8	91.0	59	13.693043791926616	103.17	0.01404313337298769	0.0006924999179318547
QMC	american	call	0.00817259247199447	13.8	91.0	59	13.687218223886477	103.17	0.01404313337298769	0.004207700025290251
GAN-MC	american	call	0.04302313029933287	13.8	91.0	59	13.206280801869207	103.17	0.01404313337298769	0.0020906999707221985
GAN-LHS	american	call	0.02513858625088253	13.8	91.0	59	14.14691249026218	103.17	0.01404313337298769	0.0013321000151336193
MC	american	call	0.06829057536546991	11.38	92.0	59	12.157146747659048	103.17	0.015	0.0006919000297784805
QMC	american	call	0.14508900926198853	11.38	92.0	59	13.03111292540143	103.17	0.015	0.0039083999581635
GAN-MC	american	call	0.1712160585720147	11.38	92.0	59	13.328438746549528	103.17	0.015	0.0017494000494480133
GAN-LHS	american	call	0.1515826252162668	11.38	92.0	59	13.105010274961117	103.17	0.015	0.001184399938210845
MC	american	call	0.15487698151063056	9.54	94.0	59	11.017526403611415	103.17	0.015	0.0006968999514356256
QMC	american	call	0.17442462609135168	9.54	94.0	59	11.204010932911494	103.17	0.015	0.003998400061391294
GAN-MC	american	call	0.13392719879314655	9.54	94.0	59	10.817665476486617	103.17	0.015	0.001782999956049025
GAN-LHS	american	call	0.2352743149881335	9.54	94.0	59	11.784516964986793	103.17	0.015	0.001170799951069057
MC	european	call	0.06166521801796484	2.05	104.01	59	1.923586303063172	103.17	0.005740092147559794	0.0006916000274941325
QMC	european	call	0.010981760933548518	2.05	104.01	59	2.0725126099137743	103.17	0.005740092147559794	0.004452600027434528
GAN-MC	european	call	0.014939486127222373	2.05	104.01	59	2.019374053439194	103.17	0.005740092147559794	0.0019068000838160515
GAN-LHS	european	call	0.0409265353429563	2.05	104.01	59	2.1338993974530602	103.17	0.005740092147559794	0.0012749999295920134
MC	american	call	0.10546242988024698	1.41	106.0	59	1.2612979738688517	103.17	0.006520419982843897	0.0007028999971225858
QMC	american	call	0.08207237418921903	1.41	106.0	59	1.294277952393201	103.17	0.006520419982843897	0.0041745000053197145
GAN-MC	american	call	0.17321210153139896	1.41	106.0	59	1.6542290631592724	103.17	0.006520419982843897	0.0018877999391406775
GAN-LHS	american	call	0.0291818060363307	1.41	106.0	59	1.3688536534887736	103.17	0.006520419982843897	0.0012813000939786434
MC	american	call	0.0909996761154824	0.76	108.0	59	0.8291597538477666	103.17	0.006367673588880544	0.0006936999270692468
QMC	american	call	0.02021263423189508	0.76	108.0	59	0.7446383979837597	103.17	0.006367673588880544	0.004309099982492626
GAN-MC	american	call	0.09841108826571228	0.76	108.0	59	0.6852075729180587	103.17	0.006367673588880544	0.0018693000311031938
GAN-LHS	american	call	0.18648384189179823	0.76	108.0	59	0.9017277198377667	103.17	0.006367673588880544	0.0013575999764725566
MC	european	call	0.12029804543768223	0.84	108.01	59	0.941050358167653	103.17	0.006686780700821514	0.0006991999689489603
QMC	european	call	0.059821880983268065	0.84	108.01	59	0.8902503800259451	103.17	0.006686780700821514	0.003986300085671246
GAN-MC	european	call	0.20110747827792572	0.84	108.01	59	1.0089302817534576	103.17	0.006686780700821514	0.0020691000390797853
GAN-LHS	european	call	0.04212141982673831	0.84	108.01	59	0.8046180073455398	103.17	0.006686780700821514	0.0012459000572562218
MC	american	call	0.026233399053379985	0.33	110.0	59	0.3213429783123846	103.17	0.0060424507361549655	0.0006859999848529696
QMC	american	call	0.2927313164933064	0.33	110.0	59	0.42660133444279114	103.17	0.0060424507361549655	0.004261199967004359
GAN-MC	american	call	0.25655600002823115	0.33	110.0	59	0.4146634800093163	103.17	0.0060424507361549655	0.0018409000476822257
GAN-LHS	american	call	0.22469665316644666	0.33	110.0	59	0.2558501044550726	103.17	0.0060424507361549655	0.0013365999329835176
MC	european	call	0.42117512272835583	0.34	110.01	59	0.483199541727641	103.17	0.006106288285866712	0.0007050000131130219
QMC	european	call	0.10107806275889893	0.34	110.01	59	0.3056334586619744	103.17	0.006106288285866712	0.004651000024750829
GAN-MC	european	call	0.03734846113711358	0.34	110.01	59	0.3273015232133814	103.17	0.006106288285866712	0.0018856000388041139
GAN-LHS	european	call	0.1193649540375069	0.34	110.01	59	0.2994159156272477	103.17	0.006106288285866712	0.0013164998963475227
MC	american	call	0.10284799416082825	0.22	112.0	59	0.24262655871538222	103.17	0.006669003467522418	0.0007160000968724489
QMC	american	call	0.3777484933745201	0.22	112.0	59	0.13689533145760557	103.17	0.006669003467522418	0.004187800106592476
GAN-MC	american	call	0.16883248954601732	0.22	112.0	59	0.2571431477001238	103.17	0.006669003467522418	0.001932400045916438
GAN-LHS	american	call	0.09479735231205692	0.22	112.0	59	0.19914458249134748	103.17	0.006669003467522418	0.0013002000050619245
MC	american	put	0.17638359261434458	0.38	92.0	59	0.31297423480654907	103.17	0.012327889497545272	0.0006899000145494938
QMC	american	put	0.42218242081808904	0.38	92.0	59	0.5404293199108738	103.17	0.012327889497545272	0.004178700037300587
GAN-MC	american	put	0.388899080747396	0.38	92.0	59	0.23221834931598953	103.17	0.012327889497545272	0.0018533000256866217
GAN-LHS	american	put	0.028169590978897215	0.38	92.0	59	0.36929555542801906	103.17	0.012327889497545272	0.0013365999329835176
MC	european	put	0.06822632980820215	0.32	93.01	59	0.3418324255386247	103.17	0.011022396595608818	0.0006963999476283789
QMC	european	put	0.30998869247190264	0.32	93.01	59	0.41919638159100886	103.17	0.011022396595608818	0.004353599972091615
GAN-MC	european	put	0.2061252612882966	0.32	93.01	59	0.3859600836122549	103.17	0.011022396595608818	0.0018529000226408243
GAN-LHS	european	put	0.07188442401927266	0.32	93.01	59	0.29699698431383276	103.17	0.011022396595608818	0.0012509999796748161
MC	american	put	0.4934742524355562	0.39	94.0	59	0.5824549584498669	103.17	0.010796949006297135	0.0007247000467032194
QMC	american	put	0.1157972541594184	0.39	94.0	59	0.4351609291221732	103.17	0.010796949006297135	0.00411300000268966
GAN-MC	american	put	0.10358231158132761	0.39	94.0	59	0.34960289848328224	103.17	0.010796949006297135	0.001891199965029955
GAN-LHS	american	put	0.18953096437102235	0.39	94.0	59	0.3160829238953013	103.17	0.010796949006297135	0.0013062999350950122
MC	american	put	0.28590768732285304	0.4	95.0	59	0.2856369250708588	103.17	0.010058143910511508	0.0006772000342607498
QMC	american	put	0.07575506552476546	0.4	95.0	59	0.4303020262099062	103.17	0.010058143910511508	0.004294499987736344
GAN-MC	american	put	0.2551732997935327	0.4	95.0	59	0.5020693199174131	103.17	0.010058143910511508	0.001830599969252944
GAN-LHS	american	put	0.2784778254554701	0.4	95.0	59	0.288608869817812	103.17	0.010058143910511508	0.0013087999541312456
MC	european	put	0.22313026508065628	0.72	97.01	59	0.8806537908580725	103.17	0.010212633926088668	0.0007065000245347619
QMC	european	put	0.023125116292868002	0.72	97.01	59	0.703349916269135	103.17	0.010212633926088668	0.004133600043132901
GAN-MC	european	put	0.2890615186711012	0.72	97.01	59	0.5118757065568071	103.17	0.010212633926088668	0.001863999990746379
GAN-LHS	european	put	0.02524849736691256	0.72	97.01	59	0.738178918104177	103.17	0.010212633926088668	0.001295899972319603
MC	american	put	0.06421596531593937	1.65	102.0	59	1.7559563427712999	103.17	0.008638880791338522	0.0006963999476283789
QMC	american	put	0.02448146190484404	1.65	102.0	59	1.6096055878570072	103.17	0.008638880791338522	0.004256400046870112
GAN-MC	american	put	0.030812714767299416	1.65	102.0	59	1.700840979366044	103.17	0.008638880791338522	0.0019005999201908708
GAN-LHS	american	put	0.12305049370720762	1.65	102.0	59	1.4469666853831074	103.17	0.008638880791338522	0.0013629000168293715
MC	european	put	0.03290251274948036	2.98	104.01	59	3.0780494879934515	103.17	0.010162686662893296	0.0006941000465303659
QMC	european	put	0.02564347867218454	2.98	104.01	59	3.05641756644311	103.17	0.010162686662893296	0.004105899948626757
GAN-MC	european	put	0.016827719086936102	2.98	104.01	59	2.9298533971209304	103.17	0.010162686662893296	0.0018269000574946404
GAN-LHS	european	put	0.007251566587694649	2.98	104.01	59	2.95839033156867	103.17	0.010162686662893296	0.0012709000147879124
